1
197,70
216,73
228,86
234,98
271,90
269,61
255,56
261,42
278,46
288,60
292,86
308,107
306,126
282,132
284,155
329,156
359,173
362,197
314,265
276,262
230,270
172,288
155,290
123,216
119,189
129,169
185,142
167,112
206,103
END
2
144,167
136,177
202,156
204,172
168,185
148,214
132,189
END
3
160,204
201,193
202,198
202,213
169,218
167,220
208,241
209,258
157,258
155,254
END
4
233,153
258,144
258,156
229,160
END
5
225,189
250,185
245,204
224,204
END
6
224,241
243,239
246,247
226,248
END
7
276,184
324,184
320,201
303,234
270,243
270,225
290,218
290,202
273,197
END
8
179,296
194,308
216,291
275,274
299,287
304,336
287,441
282,443
255,403
202,415
176,380
END
9
202,316
232,316
257,297
263,385
209,385
208,366
257,348
241,329
204,333
END
END